base基础模型
============================================================
模型性能比较
============================================================
         model_name  train_accuracy  test_accuracy      auc  precision   recall       f1  cv_mean   cv_std
                MLP        1.000000       0.717391 0.729045   0.650000 0.684211 0.666667 0.653303 0.085258
                SVM        0.912088       0.695652 0.750487   0.619048 0.684211 0.650000 0.703153 0.064034
            XGBoost        1.000000       0.673913 0.754386   0.590909 0.684211 0.634146 0.686787 0.065599
Logistic Regression        0.802198       0.652174 0.699805   0.571429 0.631579 0.600000 0.664865 0.093380
      Random Forest        1.000000       0.630435 0.680312   0.571429 0.421053 0.484848 0.725375 0.015227
                KNN        0.752747       0.630435 0.627680   0.583333 0.368421 0.451613 0.659459 0.062786
      Decision Tree        1.000000       0.565217 0.543860   0.470588 0.421053 0.444444 0.604204 0.038391

shap特征筛选
============================================================
模型性能比较
============================================================
         model_name  train_accuracy  test_accuracy      auc  precision   recall       f1  cv_mean   cv_std
                SVM        0.884615       0.739130 0.727096   0.652174 0.789474 0.714286 0.725075 0.073036
                MLP        0.956044       0.717391 0.692008   0.636364 0.736842 0.682927 0.730631 0.037599
Logistic Regression        0.785714       0.695652 0.787524   0.619048 0.684211 0.650000 0.769369 0.063660
            XGBoost        1.000000       0.652174 0.742690   0.578947 0.578947 0.578947 0.698498 0.094481
      Random Forest        1.000000       0.652174 0.742690   0.588235 0.526316 0.555556 0.719970 0.057639
                KNN        0.807692       0.630435 0.660819   0.571429 0.421053 0.484848 0.730180 0.068508
      Decision Tree        1.000000       0.478261 0.461988   0.368421 0.368421 0.368421 0.621321 0.057595

mlp_xgb_randf_dt优化防止过拟合
============================================================
模型性能比较
============================================================
         model_name  train_accuracy  test_accuracy      auc  precision   recall       f1  cv_mean   cv_std      
                SVM        0.912088       0.695652 0.750487   0.619048 0.684211 0.650000 0.703153 0.064034      
            XGBoost        1.000000       0.673913 0.713450   0.600000 0.631579 0.615385 0.736787 0.054045      
Logistic Regression        0.802198       0.652174 0.699805   0.571429 0.631579 0.600000 0.664865 0.093380      
      Random Forest        0.923077       0.652174 0.762183   0.600000 0.473684 0.529412 0.719820 0.031220      
      Decision Tree        0.862637       0.630435 0.655945   0.545455 0.631579 0.585366 0.626426 0.035875      
                KNN        0.752747       0.630435 0.627680   0.583333 0.368421 0.451613 0.659459 0.062786      
                MLP        0.807692       0.543478 0.580897   0.437500 0.368421 0.400000 0.598649 0.038995  

shap特征筛选
============================================================
模型性能比较
============================================================
         model_name  train_accuracy  test_accuracy      auc  precision   recall       f1  cv_mean   cv_std      
                SVM        0.884615       0.739130 0.727096   0.652174 0.789474 0.714286 0.725075 0.073036      
      Random Forest        0.917582       0.695652 0.754386   0.631579 0.631579 0.631579 0.730931 0.062652      
Logistic Regression        0.785714       0.695652 0.787524   0.619048 0.684211 0.650000 0.769369 0.063660      
                MLP        0.774725       0.652174 0.764133   0.555556 0.789474 0.652174 0.741441 0.068114      
            XGBoost        0.994505       0.630435 0.670565   0.545455 0.631579 0.585366 0.747898 0.074566      
                KNN        0.807692       0.630435 0.660819   0.571429 0.421053 0.484848 0.730180 0.068508      
      Decision Tree        0.840659       0.586957 0.656920   0.500000 0.631579 0.558140 0.671171 0.088911    

随机森林特征筛选
============================================================
模型性能比较
============================================================
         model_name  train_accuracy  test_accuracy      auc  precision   recall       f1  cv_mean   cv_std      
Logistic Regression        0.741758       0.695652 0.740741   0.608696 0.736842 0.666667 0.730931 0.039431      
                SVM        0.835165       0.695652 0.690058   0.619048 0.684211 0.650000 0.736186 0.037996      
      Random Forest        0.895604       0.673913 0.725146   0.642857 0.473684 0.545455 0.763664 0.037506      
            XGBoost        0.994505       0.630435 0.676413   0.555556 0.526316 0.540541 0.742342 0.068567      
                KNN        0.807692       0.586957 0.653021   0.500000 0.368421 0.424242 0.714114 0.088506      
                MLP        0.785714       0.586957 0.713450   0.500000 0.473684 0.486486 0.719670 0.028065      
      Decision Tree        0.813187       0.543478 0.548733   0.458333 0.578947 0.511628 0.659610 0.049266  

shap特征筛选+mlp_xgb_randf_dt优化防止过拟合+stacking
============================================================
模型性能比较
============================================================
         model_name  train_accuracy  test_accuracy      auc  precision   recall       f1  cv_mean   cv_std      
                SVM        0.884615       0.739130 0.727096   0.652174 0.789474 0.714286 0.725075 0.073036      
           Stacking        0.956044       0.717391 0.738791   0.625000 0.789474 0.697674 0.758258 0.061710      
      Random Forest        0.917582       0.695652 0.754386   0.631579 0.631579 0.631579 0.730931 0.062652      
Logistic Regression        0.785714       0.695652 0.787524   0.619048 0.684211 0.650000 0.769369 0.063660      
                MLP        0.774725       0.652174 0.764133   0.555556 0.789474 0.652174 0.741441 0.068114      
            XGBoost        0.994505       0.630435 0.670565   0.545455 0.631579 0.585366 0.747898 0.074566      
                KNN        0.807692       0.630435 0.660819   0.571429 0.421053 0.484848 0.730180 0.068508      
      Decision Tree        0.840659       0.586957 0.656920   0.500000 0.631579 0.558140 0.671171 0.088911   

